763392205
836778618
494903238
344963218
810316000
323108324
872319874
22301846
219745763
838217908
89223746
735828734
388533502
274335687
213526077
904186169
788672382
953845612
618754537
649529687
663462063
285479547
1054359602
291588179
748748478
532069571
867081549
926257109
654968359
9801988
382995022
37490416
423615652
875644725
427856291
484154204
380126242
676114752
846105916
17916651
911460813
783986928
1035680591
717564166
936954874
888231712
902775795
737710429
864055253
937046927
1038016093
1043001669
479639093
619103146
279137075
618352215
873359538
56696631
909533322
886106480
54666276
462497487
469167176
89620481
641483996
188324108
1026732169
965312362
301342557
163428533
590999441
448961601
722247117
927389462
817653918
156234252
958573709
806858192
803680264
566937599
14560882
466914465
790172856
772665430
124342969
629569175
762198575
969751162
548672378
1041865360
19417156
699850661
381887354
36453418
674239582
535099349
121460039
900416111
2007835830
1073741824
0
